starting_wl: 370
ending_wl: 700
wl_step: 1
integration_times: [1, 1, 1, 1, 1, 1, 1, 0.5, 0.5, 0.5, 0.5, 0.5, 0.5, 0.1, 0.1, 0.1, 0.1, 0.1, 0.1, 0.1]
currents: !!python/tuple [0.05      , 0.0556325 , 0.06189951, 0.0688725 , 0.07663099, 0.08526348, 0.09486842, 0.10555536, 0.11744618, 0.1306765 , 0.14539722, 0.16177623, 0.18000034, 0.2002774 , 0.22283866, 0.24794146, 0.27587209, 0.30694911, 0.34152696, 0.38      ]
