starting_wl: 370
ending_wl: 700
wl_step: 1
integration_times: [0.1, 0.1, 0.1, 0.1, 0.1, 0.1, 0.1, 0.1, 0.1, 0.1]
currents: !!python/tuple [0.05      , 0.0556325 , 0.06189951, 0.0688725 , 0.07663099, 0.08526348, 0.09486842, 0.10555536, 0.11744618, 0.1306765]
